attack: 1 IP spoofing: 0bursty realtruebursty botfalse
all attack params start. Constant = 2000Exponential = 10
all IP params start. C reset = 1B reset = 5000
Userbase = 100000
Timestep = 2
Number of timesteps = 730
Users per step = 1000
traffic per step = 5000
Botnet pool= 0
Botnets usable at once= 100
Function chains[[2 4 6 8] [8 1 2 7] [8 1 3 7] [0 0] [82 5]]
0.000000,1050,73.656250
0.000000,1511,104.523000
0.000000,1912,132.372750
0.000000,2723,188.676500
0.000000,4553,310.655750
0.000000,7678,537.446750
0.000000,12730,876.506000
0.000000,19370,1336.424750
0.000000,25019,1677.893750
0.000000,34897,2282.476500
0.000000,42724,2858.160000
0.000000,51926,3458.358000
0.000000,63019,4221.881500
0.000000,73184,4991.786500
0.000000,82938,5620.575250
0.000000,90192,6149.697500
0.000000,100826,6886.196750
0.000000,108576,7425.822750
0.000000,116040,7940.474000
0.000000,124823,8492.651250
0.000000,132302,9026.640000
0.000000,137676,9390.436250
0.000000,141239,9644.485000
0.000000,143336,9787.171500
0.000000,144417,9864.257500
0.000000,144880,9896.691250
0.000000,145282,9924.186750
0.000000,146125,9981.669750
0.000000,147974,10105.641000
0.000000,150999,10313.245000
0.000000,155768,10645.987750
0.000000,162645,11109.176750
0.000000,169138,11544.182500
0.000000,172621,11992.682750
0.000000,181005,12567.121250
0.000000,190286,13157.158250
0.000000,199967,13790.948500
0.000000,210407,14467.606500
0.000000,221148,15130.551500
0.000000,231197,15779.989000
0.000000,239343,16463.769500
0.000000,248772,17106.809000
0.000000,256007,17586.153750
0.000000,262085,17900.043500
0.000000,269065,18386.287000
0.000000,274544,18770.533000
0.000000,278141,19017.846750
0.000000,280344,19165.838000
0.000000,281417,19240.448500
0.000000,281895,19272.878000
0.000000,282317,19301.252750
0.000000,283169,19360.098500
0.000000,284994,19480.815000
0.000000,288080,19700.563000
0.000000,293110,20047.036500
0.000000,299592,20499.971250
0.000000,305802,20910.456500
0.000000,310752,21659.969000
0.000000,319550,22252.721750
0.000000,327654,22729.898750
0.000000,336706,23349.860250
0.000000,346146,23941.596750
0.000000,354502,24633.661250
0.000000,364929,25291.411000
0.000000,373945,25962.809000
0.000000,381857,26473.490250
0.000000,389076,27016.528250
0.000000,394504,27299.756500
0.000000,401608,27788.341500
0.000000,407078,28169.707750
0.000000,410772,28426.652250
0.000000,412884,28576.919500
0.000000,413969,28651.830000
0.000000,414441,28685.247250
0.000000,414835,28712.922000
0.000000,415709,28772.697000
0.000000,417467,28893.634750
0.000000,420694,29123.355000
0.000000,425423,29460.407250
0.000000,432040,29921.268000
0.000000,438531,30397.562000
0.000000,445921,30872.059000
0.000000,453667,31429.789000
0.000000,462769,32063.515750
0.000000,473389,32794.734750
0.000000,482564,33433.699750
0.000000,491264,34160.153250
0.000000,499346,34807.822000
0.000000,506506,35362.279500
0.000000,514824,35906.624250
0.000000,521901,36369.503750
0.000000,527434,36661.804250
0.000000,534883,37176.080500
0.000000,540033,37536.931500
0.000000,543476,37776.223500
0.000000,545614,37922.589750
0.000000,546679,37995.483250
0.000000,547155,38027.483500
0.000000,547548,38053.995500
0.000000,548384,38113.579000
0.000000,550179,38240.751250
0.000000,553187,38452.481250
0.000000,558071,38798.338750
0.000000,564897,39265.183000
0.000000,566181,39426.986500
0.000000,568833,39781.516500
0.000000,576595,40353.299500
0.000000,586185,40954.854000
0.000000,593971,41554.163750
0.000000,604832,42282.685000
0.000000,614644,42994.462500
0.000000,625174,43725.707000
0.000000,635153,44401.838250
0.000000,644601,45040.043250
0.000000,651480,45536.656250
0.000000,658360,46026.088500
0.000000,665494,46527.559500
0.000000,670611,46879.242000
0.000000,674232,47130.948250
0.000000,676419,47284.228250
0.000000,677519,47359.134500
0.000000,677996,47391.539000
0.000000,678420,47419.963750
0.000000,679250,47478.638750
0.000000,681071,47600.772250
0.000000,684327,47820.219250
0.000000,689317,48171.381500
0.000000,696037,48655.676000
0.000000,702760,49141.562500
0.000000,710205,49662.944500
0.000000,718715,50197.298500
0.000000,726068,50785.024750
0.000000,736678,51500.065250
0.000000,747816,52244.234250
0.000000,757405,52926.544000
0.000000,765894,53447.478500
0.000000,773904,54116.102250
0.000000,782905,54711.654500
0.000000,791130,55276.050000
0.000000,798160,55777.955000
0.000000,805480,56295.074250
0.000000,810957,56671.306000
0.000000,814488,56914.694250
0.000000,816675,57061.527000
0.000000,817758,57134.870500
0.000000,818266,57168.808500
0.000000,818689,57197.208250
0.000000,819516,57253.912000
0.000000,821232,57374.558250
0.000000,824284,57592.697750
0.000000,829097,57925.023500
0.000000,836276,58413.208000
0.000000,838598,58700.704250
0.000000,843725,58997.266250
0.000000,851317,59432.061750
0.000000,860746,60015.559000
0.000000,870851,60687.255250
0.000000,878670,61275.254000
0.000000,890037,62073.312750
0.000000,900027,62762.234250
0.000000,907626,63379.244750
0.000000,914439,63928.440500
0.000000,922026,64412.792750
0.000000,929012,64890.084250
0.000000,936464,65393.437250
0.000000,941560,65749.145750
0.000000,945093,65994.101000
0.000000,947167,66138.488000
0.000000,948242,66213.148500
0.000000,948717,66245.503000
0.000000,949117,66272.948500
0.000000,949964,66330.152250
0.000000,951752,66451.840000
0.000000,954940,66665.036000
0.000000,959733,66996.103250
0.000000,966626,67460.450750
0.000000,975315,68198.765250
0.000000,985889,68830.608500
0.000000,995090,69447.089250
0.000818,1004088,69952.684250
0.003000,1014998,70708.219500
0.004872,1024361,71355.677000
0.006877,1034383,72046.915500
0.009131,1045653,72833.826500
0.010859,1054295,73462.879750
0.012603,1063013,74028.222750
0.013987,1069937,74461.488250
0.015064,1075319,74812.590000
0.016455,1082274,75300.104750
0.017494,1087471,75671.612000
0.018200,1091002,75918.413500
0.018638,1093188,76067.117500
0.018848,1094242,76140.873750
0.018943,1094715,76175.074500
0.019030,1095148,76204.482750
0.019205,1096023,76262.765750
0.019574,1097869,76389.316750
0.020183,1100913,76600.050500
0.021126,1105629,76932.606000
0.022428,1112140,77393.092250
0.023676,1118378,78001.487500
0.025269,1126346,78571.594000
0.026960,1134800,79110.616000
0.028867,1144336,79709.682750
0.030851,1154254,80425.627250
0.032384,1161921,81019.307250
0.034608,1173042,81774.428750
0.036413,1182067,82400.541750
0.038369,1191844,83113.719750
0.040059,1200295,83653.046000
0.041635,1208177,84178.526500
0.043103,1215516,84528.492250
0.044563,1222816,85043.215250
0.045618,1228090,85407.545500
0.046327,1231634,85663.015500
0.046766,1233828,85812.678000
0.046983,1234915,85886.121500
0.047076,1235379,85918.580250
0.047155,1235773,85945.875750
0.047327,1236637,86005.021500
0.047701,1238507,86131.414000
0.048327,1241637,86355.675250
0.049283,1246415,86682.575000
0.050712,1253560,87175.219000
0.051646,1258231,87447.865750
0.053882,1269410,88036.050250
0.055429,1277146,88512.750000
0.057300,1286501,89140.665750
0.058916,1294578,89800.345500
0.060840,1304198,90426.922000
0.062808,1314042,90983.248500
0.064928,1324640,91693.817250
0.066900,1334499,92363.535250
0.068067,1340337,92764.341250
0.069691,1348457,93308.666250
0.070854,1354272,93573.884250
0.072346,1361731,94101.684250
0.073365,1366826,94464.952750
0.074051,1370254,94705.386750
0.074460,1372300,94848.315250
0.074674,1373370,94922.092250
0.074769,1373845,94955.584500
0.074850,1374252,94983.584250
0.075029,1375144,95044.947000
0.075377,1376885,95167.356000
0.075998,1379988,95378.047750
0.076982,1384908,95710.393750
0.078288,1391439,96171.380000
0.079237,1396186,96556.667750
0.081137,1405685,97300.441500
0.082898,1414490,97885.025750
0.084817,1424087,98568.294000
0.086686,1433428,99099.151000
0.088791,1443955,99829.562000
0.090779,1453897,100480.117000
0.092616,1463080,101109.042250
0.094692,1473458,101810.697750
0.096080,1480400,102371.841250
0.097174,1485872,102774.116250
0.098489,1492443,103192.868000
0.099887,1499433,103681.637000
0.100927,1504634,104048.314000
0.101648,1508241,104297.774000
0.102079,1510396,104451.771000
0.102284,1511419,104524.752250
0.102381,1511903,104558.469500
0.102458,1512290,104585.210750
0.102622,1513112,104641.789500
0.102965,1514825,104761.223000
0.103585,1517923,104977.478500
0.104530,1522650,105300.827750
0.105867,1529337,105775.195250
0.107122,1535612,106158.103250
0.108443,1542214,106512.399000
0.109803,1549013,107091.964000
0.111699,1558496,107680.603750
0.113171,1565856,108241.957500
0.114901,1574505,108966.377500
0.116748,1583740,109607.221750
0.118405,1592027,110296.802750
0.120191,1600954,110874.576500
0.121564,1607822,111295.823000
0.123149,1615743,111833.656000
0.124868,1624339,112340.957750
0.126297,1631484,112846.117000
0.127360,1636800,113218.703000
0.128093,1640466,113475.706000
0.128494,1642471,113614.196250
0.128707,1643534,113688.936000
0.128800,1644001,113721.849000
0.128884,1644418,113750.857250
0.129050,1645249,113809.557250
0.129418,1647091,113936.008250
0.130034,1650171,114154.847750
0.130992,1654959,114484.652250
0.132321,1661605,114953.064500
0.133610,1668052,115414.605500
0.133988,1669939,115650.647000
0.135719,1678597,116253.552750
0.137528,1687640,116806.162000
0.139663,1698315,117543.307000
0.141772,1708858,118240.364750
0.143256,1716278,118798.667500
0.145439,1727194,119548.664000
0.147255,1736273,120102.173250
0.149151,1745754,120751.063750
0.150639,1753197,121197.304250
0.151915,1759576,121709.481750
0.153370,1766850,122223.934000
0.154411,1772057,122586.968500
0.155108,1775541,122829.940250
0.155556,1777780,122982.624000
0.155775,1778875,123059.680750
0.155870,1779349,123092.389500
0.155951,1779757,123121.172750
0.156117,1780584,123178.635000
0.156472,1782359,123305.307250
0.157140,1785702,123540.582250
0.158089,1790447,123873.862750
0.159510,1797548,124347.961250
0.161399,1806996,124829.536000
0.162669,1813347,125374.766750
0.164328,1821640,125967.409750
0.166109,1830547,126578.816000
0.167703,1838515,127073.831000
0.169676,1848380,127819.928250
0.171772,1858862,128470.709500
0.173756,1868781,129142.686000
0.175313,1876565,129787.835000
0.177145,1885724,130408.575250
0.178218,1891091,130800.261000
0.179876,1899379,131298.725000
0.181299,1906496,131795.978500
0.182368,1911840,132163.196500
0.183077,1915385,132410.348000
0.183506,1917530,132559.544000
0.183713,1918563,132631.637500
0.183808,1919038,132665.129750
0.183885,1919424,132691.846000
0.184051,1920257,132749.837500
0.184390,1921952,132869.579500
0.185010,1925048,133083.888750
0.186044,1930221,133430.144750
0.187391,1936955,133909.100500
0.188541,1942703,134314.862250
0.190048,1950242,134931.889750
0.191756,1958780,135474.908000
0.193586,1967929,136126.876000
0.195693,1978466,136856.399250
0.197991,1989954,137632.452500
0.199697,1998484,138327.729250
0.201577,2007886,138934.444250
0.203193,2015963,139464.420500
0.204831,2024157,139963.947750
0.206269,2031343,140507.677750
0.207792,2038959,141007.166500
0.209230,2046152,141516.559750
0.210341,2051705,141890.519750
0.211037,2055183,142136.754750
0.211462,2057312,142288.205500
0.211680,2058398,142361.624000
0.211772,2058861,142393.299250
0.211853,2059266,142422.007500
0.212016,2060080,142478.765500
0.212355,2061773,142598.078250
0.212981,2064905,142817.459250
0.213986,2069930,143153.947250
0.215350,2076748,143615.661250
0.216375,2081875,143950.148250
0.217929,2089645,144475.104250
0.219262,2096310,145022.875500
0.221161,2105805,145673.253750
0.222530,2112649,146141.685750
0.224476,2122379,146858.239750
0.226277,2131384,147448.961750
0.228454,2142269,148175.049000
0.230421,2152107,148874.202750
0.232263,2161315,149488.962250
0.233289,2166443,149842.436750
0.235032,2175162,150586.052250
0.236517,2182587,151094.798250
0.237570,2187852,151462.316750
0.238287,2191434,151706.980000
0.238692,2193460,151850.925500
0.238908,2194542,151922.727000
0.239001,2195007,151955.210750
0.239084,2195420,151983.739750
0.239248,2196239,152040.622750
0.239600,2198002,152161.685500
0.240221,2201103,152375.361250
0.241163,2205814,152708.171000
0.242556,2212781,153178.919500
0.243834,2219168,153611.654500
0.245415,2227075,154128.278750
0.247054,2235272,154651.394500
0.248538,2242688,155109.096000
0.250565,2252825,155826.723000
0.252286,2261431,156536.794250
0.254472,2272359,157288.987000
0.256017,2280086,157887.959500
0.257711,2288553,158471.299500
0.259245,2296223,158996.031000
0.260899,2304496,159563.902000
0.261319,2306596,159843.952000
0.262777,2313886,160371.698750
0.263842,2319210,160747.139500
0.264542,2322709,160989.727750
0.264953,2324764,161131.743500
0.265169,2325843,161205.366250
0.265270,2326349,161240.012750
0.265348,2326739,161266.449750
0.265514,2327570,161325.149750
0.265851,2329254,161443.479000
0.266496,2332479,161660.634000
0.267486,2337428,162003.186250
0.268759,2343796,162455.167250
0.270291,2351453,163062.250250
0.271905,2359523,163620.495250
0.273599,2367997,164229.799250
0.275344,2376718,164774.358500
0.277313,2386565,165392.198500
0.278905,2394524,166003.797500
0.280593,2402963,166691.869000
0.282564,2412818,167384.621250
0.283936,2419678,167907.686000
0.285566,2427828,168508.890000
0.286900,2434500,168985.158000
0.288081,2440407,169365.313250
0.289523,2447616,169869.797000
0.290558,2452789,170227.430500
0.291250,2456248,170469.398000
0.291655,2458277,170611.143000
0.291868,2459339,170684.340750
0.291960,2459799,170716.320250
0.292045,2460223,170745.882750
0.292209,2461044,170803.195000
0.292566,2462831,170926.374750
0.293178,2465890,171148.102500
0.294120,2470600,171481.645750
0.295449,2477243,171952.637750
0.297011,2485055,172580.282750
0.298769,2493844,173224.767750
0.300573,2502864,173843.929250
0.302326,2511632,174503.438500
0.304278,2521392,175097.865500
0.305867,2529336,175742.842750
0.307950,2539749,176470.024500
0.309575,2547875,177138.893500
0.311541,2557704,177845.407250
0.313210,2566048,178411.640000
0.314548,2572739,178870.937500
0.316003,2580013,179382.735000
0.317406,2587032,179888.916000
0.318485,2592425,180271.391250
0.319211,2596057,180522.614000
0.319620,2598102,180666.655250
0.319831,2599156,180738.894500
0.319925,2599626,180771.503250
0.320007,2600037,180800.361500
0.320175,2600875,180858.478000
0.320521,2602604,180979.828500
0.321140,2605698,181196.363250
0.322101,2610505,181525.125750
0.323489,2617447,181993.353000
0.324673,2623366,182412.112500
0.326265,2631326,182973.675500
0.327961,2639807,183545.988000
0.329835,2649176,184127.226750
0.331990,2659952,184863.483500
0.334245,2671227,185654.312000
0.335777,2678886,186245.516500
0.337602,2688009,186885.077750
0.339281,2696404,187481.029250
0.340749,2703745,187978.573250
0.342126,2710628,188414.227000
0.342821,2714105,188904.294750
0.344225,2721125,189391.538250
0.345315,2726575,189775.059250
0.346054,2730268,190040.322250
0.346484,2732419,190194.977750
0.346691,2733453,190265.958500
0.346785,2733927,190298.288000
0.346863,2734314,190324.650000
0.347020,2735100,190379.570250
0.347358,2736789,190497.266000
0.347988,2739939,190713.683750
0.348972,2744860,191063.879500
0.350333,2751663,191534.320500
0.351881,2759407,191881.896000
0.353683,2768417,192429.887750
0.355078,2775390,192892.442750
0.356823,2784117,193385.194750
0.358726,2793629,193997.693750
0.360953,2804764,194772.127750
0.362988,2814940,195424.740250
0.364591,2822954,196057.056000
0.365957,2829787,196555.553000
0.367815,2839075,197198.860000
0.369419,2847094,197739.143000
0.370601,2853006,198284.017750
0.372022,2860109,198766.509750
0.373073,2865363,199131.477750
0.373809,2869047,199376.794750
0.374223,2871117,199524.115750
0.374438,2872188,199597.538500
0.374530,2872651,199629.213750
0.374612,2873059,199656.100750
0.374786,2873932,199714.713000
0.375139,2875694,199835.750750
0.375767,2878835,200055.356750
0.376715,2883577,200385.907500
0.378086,2890431,200861.795250
0.379507,2897533,201354.881250
0.380940,2904699,201859.427750
0.382598,2912991,202450.149500
0.384422,2922110,202998.211500
0.386021,2930103,203638.725000
0.388203,2941017,204366.675000
0.390335,2951676,205073.459250
0.392136,2960680,205705.115250
0.393775,2968876,206260.821500
0.395528,2977639,206812.119500
0.396896,2984478,207202.301000
0.398291,2991457,207655.145500
0.399695,2998475,208141.580500
0.400780,3003902,208521.492500
0.401517,3007586,208778.945500
0.401932,3009660,208926.745750
0.402150,3010748,209000.214250
0.402240,3011201,209032.018750
0.402320,3011600,209059.818500
0.402491,3012456,209120.281250
0.402855,3014275,209244.640250
0.403480,3017399,209463.442000
0.404409,3022043,209790.025750
0.405713,3028564,210248.486500
0.406802,3034012,210640.301000
0.408348,3041741,211217.327000
0.409463,3047315,211605.465000
0.411228,3056138,212277.347500
0.413263,3066314,212983.813500
0.415285,3076425,213596.876000
0.417545,3087725,214379.227500
0.419129,3095644,215002.721000
0.420894,3104468,215659.458500
0.422185,3110925,216151.968750
0.423796,3118981,216702.278750
0.424446,3122230,217103.211500
0.425846,3129230,217592.609750
0.426895,3134474,217970.222250
0.427586,3137932,218212.164750
0.428014,3140072,218365.028250
0.428225,3141125,218438.380250
0.428321,3141607,218470.530500
0.428405,3142025,218499.563750
0.428580,3142898,218558.555250
0.428932,3144662,218678.884500
0.429566,3147828,218896.840000
0.430576,3152880,219251.827750
0.431888,3159441,219712.805500
0.433275,3166373,220175.473250
0.435017,3175083,220789.160250
0.436775,3183877,221375.365750
0.438372,3191860,221898.820250
0.440281,3201407,222533.811500
0.442331,3211656,223155.254250
0.444091,3220454,223895.535250
0.446336,3231682,224666.226250
0.448207,3241036,225319.526750
0.449740,3248700,225850.176250
0.451367,3256837,226426.024750
0.452846,3264232,227071.688500
0.454381,3271903,227598.341250
0.455435,3277176,227974.403250
0.456157,3280784,228229.956250
0.456576,3282881,228379.090000
0.456787,3283935,228452.087750
0.456883,3284417,228485.755000
0.456963,3284814,228512.746250
0.457137,3285683,228573.154750
0.457506,3287530,228701.247750
0.458126,3290630,228913.760750
0.459093,3295464,229265.194750
0.460477,3302386,229729.508750
0.461492,3307459,230141.529750
0.463017,3315085,230686.020000
0.464315,3321573,231185.752500
0.465666,3328328,231695.952500
0.467310,3336550,232203.385500
0.469223,3346116,232892.326000
0.471330,3356649,233635.402250
0.473472,3367361,234373.851500
0.475393,3376966,234990.192500
0.477075,3385375,235631.245500
0.478382,3391911,236084.771750
0.480202,3401008,236645.178250
0.481622,3408110,237149.262500
0.482661,3413304,237512.730500
0.483368,3416838,237762.261750
0.483779,3418894,237908.853500
0.483993,3419967,237981.947000
0.484089,3420446,238015.539250
0.484167,3420833,238041.901250
0.484329,3421646,238098.255000
0.484687,3423436,238224.164500
0.485309,3426545,238437.661000
0.486271,3431355,238772.566500
0.487590,3437948,239237.378250
0.489235,3446174,239723.294000
0.490905,3454523,240337.437250
0.492633,3463167,240881.209250
0.494012,3470061,241399.814500
0.496123,3480617,242063.064750
0.498165,3490824,242684.595250
0.499923,3499615,243401.187750
0.502023,3510113,244158.179750
0.504042,3520211,244857.386250
0.505558,3527790,245376.429500
0.506631,3533154,245770.695000
0.507075,3535377,246076.575000
0.508505,3542527,246581.480000
0.509571,3547854,246955.099500
0.510283,3551417,247201.184000
0.510704,3553520,247346.296000
0.510904,3554521,247415.693250
0.511000,3554998,247448.477000
0.511084,3555418,247476.422500
0.511252,3556258,247535.347500
0.511600,3558002,247656.314500
0.512252,3561259,247873.890250
0.513225,3566123,248201.802250
0.514588,3572942,248662.782750
0.515043,3575213,248974.793000
0.516319,3581593,249350.465500
0.517951,3589757,249882.996000
0.519825,3599126,250471.440500
0.521696,3608479,251176.294000
0.523922,3619611,251957.858750
0.526177,3630887,252748.712250
0.527649,3638245,253285.744000
0.528928,3644641,253727.047500
0.530319,3651593,254282.752250
0.531894,3659468,254841.811000
0.532173,3660863,255012.836750
0.533668,3668339,255526.271000
0.534753,3673765,255896.297500
0.535451,3677255,256140.177750
0.535866,3679332,256281.985000
0.536076,3680382,256355.641250
0.536171,3680853,256388.275000
0.536251,3681257,256416.958250
0.536421,3682107,256476.512500
0.536789,3683947,256602.534250
0.537424,3687121,256824.103000
0.538355,3691775,257150.557500
0.539747,3698735,257635.542500
0.541041,3705205,258080.213000
0.542636,3713182,258635.753750
0.544301,3721507,259166.620500
0.545771,3728856,259760.694000
0.547809,3739046,260396.590250
0.549994,3749968,261161.906750
0.551610,3758052,261817.969000
0.553389,3766943,262420.631750
0.555101,3775503,262962.303750
0.556934,3784669,263581.702000
0.558472,3792359,264064.836750
0.559817,3799086,264468.526000
0.561264,3806321,264970.625750
0.562296,3811479,265330.918250
0.563015,3815075,265589.205250
0.563435,3817174,265736.113500
0.563647,3818236,265809.690500
0.563739,3818696,265841.670000
0.563820,3819101,265868.861250
0.563986,3819929,265926.348500
0.564349,3821747,266052.199500
0.564978,3824892,266272.664000
0.565945,3829723,266610.370000
0.567352,3836758,267092.299750
0.568562,3842812,267537.189250
0.570129,3850645,268310.232750
0.571706,3858532,268825.598500
0.573365,3866825,269403.071500
0.575373,3876866,270067.479000
0.577130,3885648,270641.627750
0.579216,3896078,271314.243250
0.581238,3906192,272018.400750
0.583134,3915670,272623.223250
0.584335,3921677,273033.563750
0.585705,3928525,273463.791500
0.586808,3934039,273695.695500
0.588289,3941446,274189.580000
0.589377,3946885,274583.824250
0.590104,3950519,274828.270500
0.590508,3952539,274968.652750
0.590723,3953613,275044.426000
0.590819,3954093,275077.664000
0.590899,3954494,275105.513750
0.591064,3955318,275163.659500
0.591440,3957201,275290.377000
0.592099,3960493,275513.378750
0.593058,3965292,275849.905500
0.594416,3972078,276308.164750
0.596076,3980378,276859.265250
0.597857,3989285,277530.213750
0.599497,3997485,278042.406250
0.601142,4005712,278615.195250
0.603255,4016273,279347.594000
0.605280,4026398,280016.377000
0.607023,4035117,280738.754500
0.609077,4045384,281451.667250
0.611021,4055105,282109.591750
0.612622,4063108,282685.124250
0.613702,4068512,283090.629500
0.615206,4076029,283641.117500
0.616642,4083208,284136.507750
0.617743,4088713,284503.579000
0.618481,4092405,284767.300000
0.618902,4094510,284912.462000
0.619124,4095622,284987.668250
0.619218,4096089,285019.822750
0.619300,4096500,285047.922500
0.619468,4097339,285106.822500
0.619831,4099155,285234.899000
0.620441,4102203,285448.008250
0.621376,4106882,285775.467000
0.622679,4113397,286240.225000
0.623979,4119895,286633.259000
0.625482,4127408,287071.389000
