attack: 1 IP spoofing: 0bursty realtruebursty botfalse
all attack params start. Constant = 2000Exponential = 10
all IP params start. C reset = 1B reset = 5000
Userbase = 100000
Timestep = 2
Number of timesteps = 730
Users per step = 1000
traffic per step = 5000
Botnet pool= 0
Botnets usable at once= 100
Function chains[[2 4 6 8] [8 1 2 7] [8 1 3 7] [0 0] [82 5]]
0.000000,1050,73.656250
0.000000,1511,104.523000
0.000000,1912,132.372750
0.000000,2723,188.676500
0.000000,4553,310.655750
0.000000,7678,537.446750
0.000000,12730,876.506000
0.000000,19370,1336.424750
0.000000,25019,1677.893750
0.000000,34897,2282.476500
0.000000,42724,2858.160000
0.000000,51926,3458.358000
0.000000,63019,4221.881500
0.000000,73184,4991.786500
0.000000,82938,5620.575250
0.000000,90192,6149.697500
0.000000,100826,6886.196750
0.000000,108576,7425.822750
0.000000,116040,7940.474000
0.000000,124823,8492.651250
0.000000,132302,9026.640000
0.000000,137676,9390.436250
0.000000,141239,9644.485000
0.000000,143336,9787.171500
0.000000,144417,9864.257500
0.000000,144880,9896.691250
0.000000,145282,9924.186750
0.000000,146125,9981.669750
0.000000,147974,10105.641000
0.000000,150999,10313.245000
0.000000,155768,10645.987750
0.000000,162645,11109.176750
0.000000,169138,11544.182500
0.000000,172621,11992.682750
0.000000,181005,12567.121250
0.000000,190286,13157.158250
0.000000,199967,13790.948500
0.000000,210407,14467.606500
0.000000,221148,15130.551500
0.000000,231197,15779.989000
0.000000,239343,16463.769500
0.000000,248772,17106.809000
0.000000,256007,17586.153750
0.000000,262085,17900.043500
0.000000,269065,18386.287000
0.000000,274544,18770.533000
0.000000,278141,19017.846750
0.000000,280344,19165.838000
0.000000,281417,19240.448500
0.000000,281895,19272.878000
0.000000,282317,19301.252750
0.000000,283169,19360.098500
0.000000,284994,19480.815000
0.000000,288080,19700.563000
0.000000,293110,20047.036500
0.000000,299592,20499.971250
0.000000,305802,20910.456500
0.000000,310752,21659.969000
0.000000,319550,22252.721750
0.000000,327654,22729.898750
0.000000,336706,23349.860250
0.000000,346146,23941.596750
0.000000,354502,24633.661250
0.000000,364929,25291.411000
0.000000,373945,25962.809000
0.000000,381857,26473.490250
0.000000,389076,27016.528250
0.000000,394504,27299.756500
0.000000,401608,27788.341500
0.000000,407078,28169.707750
0.000000,410772,28426.652250
0.000000,412884,28576.919500
0.000000,413969,28651.830000
0.000000,414441,28685.247250
0.000000,414835,28712.922000
0.000000,415709,28772.697000
0.000000,417467,28893.634750
0.000000,420694,29123.355000
0.000000,425423,29460.407250
0.000000,432040,29921.268000
0.000000,438531,30397.562000
0.000000,445921,30872.059000
0.000000,453667,31429.789000
0.000000,462769,32063.515750
0.000000,473389,32794.734750
0.000000,482564,33433.699750
0.000000,491264,34160.153250
0.000000,499346,34807.822000
0.000000,506506,35362.279500
0.000000,514824,35906.624250
0.000000,521901,36369.503750
0.000000,527434,36661.804250
0.000000,534883,37176.080500
0.000000,540033,37536.931500
0.000000,543476,37776.223500
0.000000,545614,37922.589750
0.000000,546679,37995.483250
0.000000,547155,38027.483500
0.000000,547548,38053.995500
0.000000,548384,38113.579000
0.000000,550179,38240.751250
0.000000,553187,38452.481250
0.000000,558071,38798.338750
0.000000,564897,39265.183000
0.000000,566181,39426.986500
0.000000,568833,39781.516500
0.000000,576595,40353.299500
0.000000,586185,40954.854000
0.000000,593971,41554.163750
0.000000,604832,42282.685000
0.000000,614644,42994.462500
0.000000,625174,43725.707000
0.000000,635153,44401.838250
0.000000,644601,45040.043250
0.000000,651480,45536.656250
0.000000,658360,46026.088500
0.000000,665494,46527.559500
0.000000,670611,46879.242000
0.000000,674232,47130.948250
0.000000,676419,47284.228250
0.000000,677519,47359.134500
0.000000,677996,47391.539000
0.000000,678420,47419.963750
0.000000,679250,47478.638750
0.000000,681071,47600.772250
0.000000,684327,47820.219250
0.000000,689317,48171.381500
0.000000,696037,48655.676000
0.000000,702760,49141.562500
0.000000,710205,49662.944500
0.000000,718715,50197.298500
0.000000,726068,50785.024750
0.000000,736678,51500.065250
0.000000,747816,52244.234250
0.000000,757405,52926.544000
0.000000,765894,53447.478500
0.000000,773904,54116.102250
0.000000,782905,54711.654500
0.000000,791130,55276.050000
0.000000,798160,55777.955000
0.000000,805480,56295.074250
0.000000,810957,56671.306000
0.000000,814488,56914.694250
0.000000,816675,57061.527000
0.000000,817758,57134.870500
0.000000,818266,57168.808500
0.000000,818689,57197.208250
0.000000,819516,57253.912000
0.000000,821232,57374.558250
0.000000,824284,57592.697750
0.000000,829097,57925.023500
0.000000,836276,58413.208000
0.000000,838598,58700.704250
0.000000,843725,58997.266250
0.000000,851317,59432.061750
0.000000,860746,60015.559000
0.000000,870851,60687.255250
0.000000,878670,61275.254000
0.000000,890037,62073.312750
0.000000,900027,62762.234250
0.000000,907626,63379.244750
0.000000,914439,63928.440500
0.000000,922026,64412.792750
0.000000,929012,64890.084250
0.000000,936464,65393.437250
0.000000,941560,65749.145750
0.000000,945093,65994.101000
0.000000,947167,66138.488000
0.000000,948242,66213.148500
0.000000,948717,66245.503000
0.000000,949117,66272.948500
0.000000,949964,66330.152250
0.000000,951752,66451.840000
0.000000,954940,66665.036000
0.000000,959733,66996.103250
0.000000,966626,67460.450750
0.000000,975315,68198.765250
0.000000,985889,68830.608500
0.000000,995090,69447.089250
0.000000,1004088,69952.684250
0.000000,1014998,70708.219500
0.000000,1024361,71355.677000
0.000000,1034383,72046.915500
0.000000,1045653,72833.826500
0.000000,1054295,73462.879750
0.000000,1063013,74028.222750
0.000000,1069937,74461.488250
0.000000,1075319,74812.590000
0.000000,1082274,75300.104750
0.000000,1087471,75671.612000
0.000000,1091002,75918.413500
0.000000,1093188,76067.117500
0.000000,1094242,76140.873750
0.000000,1094715,76175.074500
0.000000,1095148,76204.482750
0.000000,1096023,76262.765750
0.000000,1097869,76389.316750
0.000000,1100913,76600.050500
0.000000,1105629,76932.606000
0.000000,1112140,77393.092250
0.000000,1118378,78001.487500
0.000000,1126346,78571.594000
0.000000,1134800,79110.616000
0.000000,1144336,79709.682750
0.000000,1154254,80425.627250
0.000000,1161921,81019.307250
0.000000,1173042,81774.428750
0.000000,1182067,82400.541750
0.000000,1191844,83113.719750
0.000000,1200295,83653.046000
0.000000,1208177,84178.526500
0.000000,1215516,84528.492250
0.000000,1222816,85043.215250
0.000000,1228090,85407.545500
0.000000,1231634,85663.015500
0.000000,1233828,85812.678000
0.000000,1234915,85886.121500
0.000000,1235379,85918.580250
0.000000,1235773,85945.875750
0.000000,1236637,86005.021500
0.000000,1238507,86131.414000
0.000000,1241637,86355.675250
0.000000,1246415,86682.575000
0.000000,1253560,87175.219000
0.000000,1258231,87447.865750
0.000000,1269410,88036.050250
0.000000,1277146,88512.750000
0.000000,1286501,89140.665750
0.000000,1294578,89800.345500
0.000000,1304198,90426.922000
0.000000,1314042,90983.248500
0.000000,1324640,91693.817250
0.000000,1334499,92363.535250
0.000000,1340337,92764.341250
0.000000,1348457,93308.666250
0.000000,1354272,93573.884250
0.000000,1361731,94101.684250
0.000000,1366826,94464.952750
0.000000,1370254,94705.386750
0.000000,1372300,94848.315250
0.000000,1373370,94922.092250
0.000000,1373845,94955.584500
0.000000,1374252,94983.584250
0.000000,1375144,95044.947000
0.000000,1376885,95167.356000
0.000000,1379988,95378.047750
0.000000,1384908,95710.393750
0.000000,1391439,96171.380000
0.000000,1396186,96556.667750
0.000000,1405685,97300.441500
0.000000,1414490,97885.025750
0.000000,1424087,98568.294000
0.000000,1433428,99099.151000
0.000000,1443955,99829.562000
0.000000,1453897,100480.117000
0.000000,1463080,101109.042250
0.000000,1473458,101810.697750
0.000000,1480400,102371.841250
0.000000,1485872,102774.116250
0.000000,1492443,103192.868000
0.000000,1499433,103681.637000
0.000000,1504634,104048.314000
0.000000,1508241,104297.774000
0.000000,1510396,104451.771000
0.000000,1511419,104524.752250
0.000000,1511903,104558.469500
0.000000,1512290,104585.210750
0.000000,1513112,104641.789500
0.000000,1514825,104761.223000
0.000000,1517923,104977.478500
0.000000,1522650,105300.827750
0.000000,1529337,105775.195250
0.000000,1535612,106158.103250
0.000000,1542214,106512.399000
0.000000,1549013,107091.964000
0.000000,1558496,107680.603750
0.000000,1565856,108241.957500
0.000000,1574505,108966.377500
0.000000,1583740,109607.221750
0.000000,1592027,110296.802750
0.000000,1600954,110874.576500
0.000000,1607822,111295.823000
0.000000,1615743,111833.656000
0.000000,1624339,112340.957750
0.000000,1631484,112846.117000
0.000000,1636800,113218.703000
0.000000,1640466,113475.706000
0.000000,1642471,113614.196250
0.000000,1643534,113688.936000
0.000000,1644001,113721.849000
0.000000,1644418,113750.857250
0.000000,1645249,113809.557250
0.000000,1647091,113936.008250
0.000000,1650171,114154.847750
0.000000,1654959,114484.652250
0.000000,1661605,114953.064500
0.000000,1668052,115414.605500
0.000000,1669939,115650.647000
0.000000,1678597,116253.552750
0.000000,1687640,116806.162000
0.000000,1698315,117543.307000
0.000000,1708858,118240.364750
0.000000,1716278,118798.667500
0.000000,1727194,119548.664000
0.000000,1736273,120102.173250
0.000000,1745754,120751.063750
0.000000,1753197,121197.304250
0.000000,1759576,121709.481750
0.000000,1766850,122223.934000
0.000000,1772057,122586.968500
0.000000,1775541,122829.940250
0.000000,1777780,122982.624000
0.000000,1778875,123059.680750
0.000000,1779349,123092.389500
0.000000,1779757,123121.172750
0.000000,1780584,123178.635000
0.000000,1782359,123305.307250
0.000000,1785702,123540.582250
0.000000,1790447,123873.862750
0.000000,1797548,124347.961250
0.000000,1806996,124829.536000
0.000000,1813347,125374.766750
0.000000,1821640,125967.409750
0.000000,1830547,126578.816000
0.000000,1838515,127073.831000
0.000000,1848380,127819.928250
0.000000,1858862,128470.709500
0.000000,1868781,129142.686000
0.000000,1876565,129787.835000
0.000000,1885724,130408.575250
0.000000,1891091,130800.261000
0.000000,1899379,131298.725000
0.000000,1906496,131795.978500
0.000000,1911840,132163.196500
0.000000,1915385,132410.348000
0.000000,1917530,132559.544000
0.000000,1918563,132631.637500
0.000000,1919038,132665.129750
0.000000,1919424,132691.846000
0.000000,1920257,132749.837500
0.000000,1921952,132869.579500
0.000000,1925048,133083.888750
0.000000,1930221,133430.144750
0.000000,1936955,133909.100500
0.000000,1942703,134314.862250
0.000000,1950242,134931.889750
0.000000,1958780,135474.908000
0.000000,1967929,136126.876000
0.000000,1978466,136856.399250
0.000000,1989954,137632.452500
0.000000,1998484,138327.729250
0.003154,2007886,138934.444250
0.006385,2015963,139464.420500
0.009663,2024157,139963.947750
0.012537,2031343,140507.677750
0.015584,2038959,141007.166500
0.018461,2046152,141516.559750
0.020682,2051705,141890.519750
0.022073,2055183,142136.754750
0.022925,2057312,142288.205500
0.023359,2058398,142361.624000
0.023544,2058861,142393.299250
0.023706,2059266,142422.007500
0.024032,2060080,142478.765500
0.024709,2061773,142598.078250
0.025962,2064905,142817.459250
0.027972,2069930,143153.947250
0.030699,2076748,143615.661250
0.032750,2081875,143950.148250
0.035858,2089645,144475.104250
0.038524,2096310,145022.875500
0.042322,2105805,145673.253750
0.045060,2112649,146141.685750
0.048952,2122379,146858.239750
0.052554,2131384,147448.961750
0.056908,2142269,148175.049000
0.060843,2152107,148874.202750
0.064526,2161315,149488.962250
0.066577,2166443,149842.436750
0.073558,2175162,150586.052250
0.083305,2182587,151094.798250
0.090296,2187852,151462.316750
0.094989,2191434,151706.980000
0.097709,2193460,151850.925500
0.099102,2194542,151922.727000
0.099720,2195007,151955.210750
0.100265,2195420,151983.739750
0.101349,2196239,152040.622750
0.103666,2198002,152161.685500
0.107751,2201103,152375.361250
0.114053,2205814,152708.171000
0.123121,2212781,153178.919500
0.131447,2219168,153611.654500
0.141530,2227075,154128.278750
0.151837,2235272,154651.394500
0.160978,2242688,155109.096000
0.174556,2252825,155826.723000
0.187272,2261431,156536.794250
0.201657,2272359,157288.987000
0.212619,2280086,157887.959500
0.223772,2288553,158471.299500
0.233830,2296223,158996.031000
0.244702,2304496,159563.902000
0.249063,2306596,159843.952000
0.258966,2313886,160371.698750
0.266080,2319210,160747.139500
0.270706,2322709,160989.727750
0.273418,2324764,161131.743500
0.274831,2325843,161205.366250
0.275495,2326349,161240.012750
0.276004,2326739,161266.449750
0.277115,2327570,161325.149750
0.279360,2329254,161443.479000
0.283549,2332479,161660.634000
0.290086,2337428,162003.186250
0.298630,2343796,162455.167250
0.309652,2351453,163062.250250
0.320308,2359523,163620.495250
0.331770,2367997,164229.799250
0.342594,2376718,164774.358500
0.354850,2386565,165392.198500
0.366078,2394524,166003.797500
0.378450,2402963,166691.869000
0.391593,2412818,167384.621250
0.401223,2419678,167907.686000
0.412425,2427828,168508.890000
0.421409,2434500,168985.158000
0.428873,2440407,169365.313250
0.438461,2447616,169869.797000
0.445289,2452789,170227.430500
0.449888,2456248,170469.398000
0.452583,2458277,170611.143000
0.453983,2459339,170684.340750
0.454592,2459799,170716.320250
0.455155,2460223,170745.882750
0.456245,2461044,170803.195000
0.458599,2462831,170926.374750
0.462758,2465890,171148.102500
0.469068,2470600,171481.645750
0.477975,2477243,171952.637750
0.489318,2485055,172580.282750
0.501353,2493844,173224.767750
0.513207,2502864,173843.929250
0.525409,2511632,174503.438500
0.537345,2521392,175097.865500
0.548959,2529336,175742.842750
0.562790,2539749,176470.024500
0.574777,2547875,177138.893500
0.588069,2557704,177845.407250
0.598957,2566048,178411.640000
0.607751,2572739,178870.937500
0.617457,2580013,179382.735000
0.626968,2587032,179888.916000
0.634200,2592425,180271.391250
0.638996,2596057,180522.614000
0.641726,2598102,180666.655250
0.643110,2599156,180738.894500
0.643732,2599626,180771.503250
0.644280,2600037,180800.361500
0.645388,2600875,180858.478000
0.647692,2602604,180979.828500
0.651807,2605698,181196.363250
0.658110,2610505,181525.125750
0.667135,2617447,181993.353000
0.675060,2623366,182412.112500
0.685700,2631326,182973.675500
0.696729,2639807,183545.988000
0.708312,2649176,184127.226750
0.722433,2659952,184863.483500
0.737449,2671227,185654.312000
0.748286,2678886,186245.516500
0.760432,2688009,186885.077750
0.771696,2696404,187481.029250
0.781269,2703745,187978.573250
0.789880,2710628,188414.227000
0.797412,2714105,188904.294750
0.806700,2721125,189391.538250
0.813973,2726575,189775.059250
0.818965,2730268,190040.322250
0.821874,2732419,190194.977750
0.823233,2733453,190265.958500
0.823854,2733927,190298.288000
0.824360,2734314,190324.650000
0.825404,2735100,190379.570250
0.827645,2736789,190497.266000
0.831787,2739939,190713.683750
0.838400,2744860,191063.879500
0.847381,2751663,191534.320500
0.855390,2759407,191881.896000
0.866400,2768417,192429.887750
0.875374,2775390,192892.442750
0.885591,2784117,193385.194750
0.897615,2793629,193997.693750
0.912367,2804764,194772.127750
0.925199,2814940,195424.740250
0.936699,2822954,196057.056000
0.946026,2829787,196555.553000
0.958300,2839075,197198.860000
0.968718,2847094,197739.143000
0.978126,2853006,198284.017750
0.987401,2860109,198766.509750
0.994356,2865363,199131.477750
0.999108,2869047,199376.794750
1.001890,2871117,199524.115750
1.003297,2872188,199597.538500
1.003904,2872651,199629.213750
1.004427,2873059,199656.100750
1.005559,2873932,199714.713000
1.007875,2875694,199835.750750
1.012050,2878835,200055.356750
1.018341,2883577,200385.907500
1.027412,2890431,200861.795250
1.036811,2897533,201354.881250
1.046378,2904699,201859.427750
1.057528,2912991,202450.149500
1.068595,2922110,202998.211500
1.080181,2930103,203638.725000
1.094274,2941017,204366.675000
1.107988,2951676,205073.459250
1.119981,2960680,205705.115250
1.130671,2968876,206260.821500
1.141595,2977639,206812.119500
1.149649,2984478,207202.301000
1.158512,2991457,207655.145500
1.167790,2998475,208141.580500
1.175009,3003902,208521.492500
1.179904,3007586,208778.945500
1.182694,3009660,208926.745750
1.184109,3010748,209000.214250
1.184713,3011201,209032.018750
1.185242,3011600,209059.818500
1.186387,3012456,209120.281250
1.188771,3014275,209244.640250
1.192928,3017399,209463.442000
1.199123,3022043,209790.025750
1.207821,3028564,210248.486500
1.215190,3034012,210640.301000
1.225895,3041741,211217.327000
1.233285,3047315,211605.465000
1.245661,3056138,212277.347500
1.259127,3066314,212983.813500
1.271461,3076425,213596.876000
1.286390,3087725,214379.227500
1.297738,3095644,215002.721000
1.309935,3104468,215659.458500
1.319002,3110925,216151.968750
1.329557,3118981,216702.278750
1.335923,3122230,217103.211500
1.345227,3129230,217592.609750
1.352326,3134474,217970.222250
1.356924,3137932,218212.164750
1.359807,3140072,218365.028250
1.361203,3141125,218438.380250
1.361826,3141607,218470.530500
1.362379,3142025,218499.563750
1.363515,3142898,218558.555250
1.365825,3144662,218678.884500
1.369993,3147828,218896.840000
1.376728,3152880,219251.827750
1.385476,3159441,219712.805500
1.394430,3166373,220175.473250
1.406063,3175083,220789.160250
1.417414,3183877,221375.365750
1.427616,3191860,221898.820250
1.439923,3201407,222533.811500
1.452425,3211656,223155.254250
1.465593,3220454,223895.535250
1.480348,3231682,224666.226250
1.492773,3241036,225319.526750
1.502899,3248700,225850.176250
1.513796,3256837,226426.024750
1.525141,3264232,227071.688500
1.535223,3271903,227598.341250
1.542318,3277176,227974.403250
1.547153,3280784,228229.956250
1.549970,3282881,228379.090000
1.551363,3283935,228452.087750
1.552003,3284417,228485.755000
1.552522,3284814,228512.746250
1.553672,3285683,228573.154750
1.556115,3287530,228701.247750
1.560186,3290630,228913.760750
1.566770,3295464,229265.194750
1.575739,3302386,229729.508750
1.583157,3307459,230141.529750
1.593426,3315085,230686.020000
1.602593,3321573,231185.752500
1.612018,3328328,231695.952500
1.622153,3336550,232203.385500
1.635104,3346116,232892.326000
1.649183,3356649,233635.402250
1.663297,3367361,234373.851500
1.675413,3376966,234990.192500
1.687216,3385375,235631.245500
1.695863,3391911,236084.771750
1.707064,3401008,236645.178250
1.716592,3408110,237149.262500
1.723500,3413304,237512.730500
1.728226,3416838,237762.261750
1.730992,3418894,237908.853500
1.732396,3419967,237981.947000
1.733033,3420446,238015.539250
1.733540,3420833,238041.901250
1.734614,3421646,238098.255000
1.737003,3423436,238224.164500
1.741089,3426545,238437.661000
1.747466,3431355,238772.566500
1.756275,3437948,239237.378250
1.766158,3446174,239723.294000
1.777613,3454523,240337.437250
1.788389,3463167,240881.209250
1.797983,3470061,241399.814500
1.811133,3480617,242063.064750
1.823614,3490824,242684.595250
1.836500,3499615,243401.187750
1.850725,3510113,244158.179750
1.864067,3520211,244857.386250
1.874012,3527790,245376.429500
1.881369,3533154,245770.695000
1.886096,3535377,246076.575000
1.895658,3542527,246581.480000
1.902753,3547854,246955.099500
1.907453,3551417,247201.184000
1.910226,3553520,247346.296000
1.911549,3554521,247415.693250
1.912176,3554998,247448.477000
1.912718,3555418,247476.422500
1.913837,3556258,247535.347500
1.916143,3558002,247656.314500
1.920353,3561259,247873.890250
1.926675,3566123,248201.802250
1.935553,3572942,248662.782750
1.940376,3575213,248974.793000
1.948027,3581593,249350.465500
1.958428,3589757,249882.996000
1.970096,3599126,250471.440500
1.983128,3608479,251176.294000
1.997962,3619611,251957.858750
2.012979,3630887,252748.712250
2.023025,3638245,253285.744000
2.031457,3644641,253727.047500
2.041518,3651593,254282.752250
2.052085,3659468,254841.811000
2.054805,3660863,255012.836750
2.064633,3668339,255526.271000
2.071735,3673765,255896.297500
2.076372,3677255,256140.177750
2.079093,3679332,256281.985000
2.080491,3680382,256355.641250
2.081114,3680853,256388.275000
2.081656,3681257,256416.958250
2.082787,3682107,256476.512500
2.085202,3683947,256602.534250
2.089416,3687121,256824.103000
2.095615,3691775,257150.557500
2.104847,3698735,257635.542500
2.113356,3705205,258080.213000
2.123933,3713182,258635.753750
2.134395,3721507,259166.620500
2.145109,3728856,259760.694000
2.157751,3739046,260396.590250
2.172288,3749968,261161.906750
2.184104,3758052,261817.969000
2.195698,3766943,262420.631750
2.206406,3775503,262962.303750
2.218336,3784669,263581.702000
2.227915,3792359,264064.836750
2.236072,3799086,264468.526000
2.245644,3806321,264970.625750
2.252496,3811479,265330.918250
2.257356,3815075,265589.205250
2.260148,3817174,265736.113500
2.261552,3818236,265809.690500
2.262161,3818696,265841.670000
2.262686,3819101,265868.861250
2.263782,3819929,265926.348500
2.266184,3821747,266052.199500
2.270371,3824892,266272.664000
2.276791,3829723,266610.370000
2.286025,3836758,267092.299750
2.294326,3842812,267537.189250
2.307393,3850645,268310.232750
2.317451,3858532,268825.598500
2.328446,3866825,269403.071500
2.341349,3876866,270067.479000
2.352552,3885648,270641.627750
2.365749,3896078,271314.243250
2.379157,3906192,272018.400750
2.391073,3915670,272623.223250
2.398944,3921677,273033.563750
2.407474,3928525,273463.791500
2.412993,3934039,273695.695500
2.422556,3941446,274189.580000
2.429950,3946885,274583.824250
2.434666,3950519,274828.270500
2.437341,3952539,274968.652750
2.438777,3953613,275044.426000
2.439411,3954093,275077.664000
2.439942,3954494,275105.513750
2.441043,3955318,275163.659500
2.443488,3957201,275290.377000
2.447779,3960493,275513.378750
2.454170,3965292,275849.905500
2.462999,3972078,276308.164750
2.473687,3980378,276859.265250
2.486093,3989285,277530.213750
2.496272,3997485,278042.406250
2.507179,4005712,278615.195250
2.521146,4016273,279347.594000
2.534143,4026398,280016.377000
2.547060,4035117,280738.754500
2.560649,4045384,281451.667250
2.573314,4055105,282109.591750
2.584140,4063108,282685.124250
2.591648,4068512,283090.629500
2.601933,4076029,283641.117500
2.611399,4083208,284136.507750
2.618506,4088713,284503.579000
2.623479,4092405,284767.300000
2.626253,4094510,284912.462000
2.627701,4095622,284987.668250
2.628316,4096089,285019.822750
2.628855,4096500,285047.922500
2.629973,4097339,285106.822500
2.632400,4099155,285234.899000
2.636451,4102203,285448.008250
2.642674,4106882,285775.467000
2.651442,4113397,286240.225000
2.659357,4119895,286633.259000
2.668317,4127408,287071.389000
